1.300437 	1.273954 	1.231951 	0.9481498 	0.6579075 	0.651865 	0.6427791 	0.632768 	0.6233885 	0.6167337 	0.7192776 	0.7226234 	0.7262579 	0.7297177 	0.7249355 
1.273954 	1.693713 	1.776532 	1.316302 	0.6005892 	0.5960153 	0.5887317 	0.5800843 	0.5713196 	0.5646681 	0.6158496 	0.6201295 	0.6250683 	0.6300766 	0.6232348 
1.231951 	1.776532 	1.89409 	1.402639 	0.582425 	0.5784812 	0.5720904 	0.5643208 	0.5562366 	0.5499558 	0.5913014 	0.5949328 	0.5992138 	0.6036575 	0.597613 
0.9481498 	1.316302 	1.402639 	2.687827 	0.8319541 	0.8195713 	0.8004865 	0.7787836 	0.7577773 	0.7424608 	0.7412135 	0.7378888 	0.734188 	0.7305758 	0.7355454 
0.6579075 	0.6005892 	0.582425 	0.8319541 	1.193531 	1.193531 	1.193531 	1.193531 	1.193531 	1.193531 	1.335609 	1.370483 	1.41281 	1.4582 	1.396825 
0.651865 	0.5960153 	0.5784812 	0.8195713 	1.193531 	1.193531 	1.193531 	1.193531 	1.193531 	1.193531 	1.316714 	1.353095 	1.397856 	1.44661 	1.380873 
0.6427791 	0.5887317 	0.5720904 	0.8004865 	1.193531 	1.193531 	1.193531 	1.193531 	1.193531 	1.193531 	1.283694 	1.322189 	1.370715 	1.425086 	1.352149 
0.632768 	0.5800843 	0.5643208 	0.7787836 	1.193531 	1.193531 	1.193531 	1.193531 	1.193531 	1.193531 	1.238967 	1.279239 	1.331751 	1.393035 	1.311424 
0.6233885 	0.5713196 	0.5562366 	0.7577773 	1.193531 	1.193531 	1.193531 	1.193531 	1.193531 	1.193531 	1.186063 	1.226751 	1.282057 	1.350056 	1.260336 
0.6167337 	0.5646681 	0.5499558 	0.7424608 	1.193531 	1.193531 	1.193531 	1.193531 	1.193531 	1.193531 	1.139576 	1.179047 	1.234774 	1.306797 	1.212594 
0.7192776 	0.6158496 	0.5913014 	0.7412135 	1.335609 	1.316714 	1.283694 	1.238967 	1.186063 	1.139576 	1.432425 	1.432425 	1.432425 	1.432425 	1.432425 
0.7226234 	0.6201295 	0.5949328 	0.7378888 	1.370483 	1.353095 	1.322189 	1.279239 	1.226751 	1.179047 	1.432425 	1.432425 	1.432425 	1.432425 	1.432425 
0.7262579 	0.6250683 	0.5992138 	0.734188 	1.41281 	1.397856 	1.370715 	1.331751 	1.282057 	1.234774 	1.432425 	1.432425 	1.432425 	1.432425 	1.432425 
0.7297177 	0.6300766 	0.6036575 	0.7305758 	1.4582 	1.44661 	1.425086 	1.393035 	1.350056 	1.306797 	1.432425 	1.432425 	1.432425 	1.432425 	1.432425 
0.7249355 	0.6232348 	0.597613 	0.7355454 	1.396825 	1.380873 	1.352149 	1.311424 	1.260336 	1.212594 	1.432425 	1.432425 	1.432425 	1.432425 	1.432425 

1.107479 	1.078058 	1.039641 	0.7613193 	0.5534568 	0.5490293 	0.5423717 	0.5350362 	0.5281635 	0.5232874 	0.5659968 	0.5699612 	0.5742678 	0.5783674 	0.5727009 
1.078058 	1.484436 	1.566152 	1.108443 	0.5171664 	0.5131627 	0.5067873 	0.499218 	0.491546 	0.4857238 	0.4808127 	0.4848586 	0.4895275 	0.4942621 	0.4877942 
1.039641 	1.566152 	1.681271 	1.188535 	0.5043319 	0.5007469 	0.4949375 	0.4878749 	0.4805263 	0.4748169 	0.4572899 	0.460534 	0.4643584 	0.4683281 	0.4629283 
0.7613193 	1.108443 	1.188535 	2.27078 	0.7065559 	0.6956843 	0.6789286 	0.6598744 	0.6414317 	0.6279844 	0.5895516 	0.589014 	0.5884157 	0.5878317 	0.5886352 
0.5534568 	0.5171664 	0.5043319 	0.7065559 	1.062534 	1.062534 	1.062534 	1.062534 	1.062534 	1.062534 	1.095689 	1.125641 	1.161993 	1.200975 	1.148264 
0.5490293 	0.5131627 	0.5007469 	0.6956843 	1.062534 	1.062534 	1.062534 	1.062534 	1.062534 	1.062534 	1.079461 	1.110707 	1.14915 	1.191022 	1.134564 
0.5423717 	0.5067873 	0.4949375 	0.6789286 	1.062534 	1.062534 	1.062534 	1.062534 	1.062534 	1.062534 	1.051103 	1.084164 	1.12584 	1.172536 	1.109895 
0.5350362 	0.499218 	0.4878749 	0.6598744 	1.062534 	1.062534 	1.062534 	1.062534 	1.062534 	1.062534 	1.012689 	1.047276 	1.092376 	1.14501 	1.074918 
0.5281635 	0.491546 	0.4805263 	0.6414317 	1.062534 	1.062534 	1.062534 	1.062534 	1.062534 	1.062534 	0.9672534 	1.002198 	1.049696 	1.108097 	1.031042 
0.5232874 	0.4857238 	0.4748169 	0.6279844 	1.062534 	1.062534 	1.062534 	1.062534 	1.062534 	1.062534 	0.927328 	0.9612271 	1.009088 	1.070944 	0.9900392 
0.5659968 	0.4808127 	0.4572899 	0.5895516 	1.095689 	1.079461 	1.051103 	1.012689 	0.9672534 	0.927328 	1.091372 	1.091372 	1.091372 	1.091372 	1.091372 
0.5699612 	0.4848586 	0.460534 	0.589014 	1.125641 	1.110707 	1.084164 	1.047276 	1.002198 	0.9612271 	1.091372 	1.091372 	1.091372 	1.091372 	1.091372 
0.5742678 	0.4895275 	0.4643584 	0.5884157 	1.161993 	1.14915 	1.12584 	1.092376 	1.049696 	1.009088 	1.091372 	1.091372 	1.091372 	1.091372 	1.091372 
0.5783674 	0.4942621 	0.4683281 	0.5878317 	1.200975 	1.191022 	1.172536 	1.14501 	1.108097 	1.070944 	1.091372 	1.091372 	1.091372 	1.091372 	1.091372 
0.5727009 	0.4877942 	0.4629283 	0.5886352 	1.148264 	1.134564 	1.109895 	1.074918 	1.031042 	0.9900392 	1.091372 	1.091372 	1.091372 	1.091372 	1.091372 

1.571959  1.481586  1.423062  1.15503  0.7585115  0.7514916  0.740936  0.7293054  0.7184086  0.7106773  0.912222  0.9151919  0.9184182  0.9214893  0.9172443 
1.481586  1.933059  2.020963  1.534497  0.6976673  0.6923748  0.6839471  0.6739413  0.6637997  0.6561034  0.7630082  0.7677789  0.7732841  0.7788668  0.7712403 
1.423062  2.020963  2.149473  1.625255  0.677969  0.6734709  0.6661819  0.6573205  0.6481002  0.6409366  0.7253129  0.7293316  0.7340692  0.7389868  0.7322976 
1.15503  1.534497  1.625255  3.148564  0.9745244  0.959412  0.9361204  0.9096336  0.8839968  0.8653042  0.9471234  0.9410701  0.9343321  0.9277555  0.9368035 
0.7585115  0.6976673  0.677969  0.9745244  1.353639  1.353639  1.353639  1.353639  1.353639  1.353639  1.539953  1.57487  1.61725  1.662695  1.601245 
0.7514916  0.6923748  0.6734709  0.959412  1.353639  1.353639  1.353639  1.353639  1.353639  1.353639  1.521035  1.557461  1.602277  1.651091  1.585273 
0.740936  0.6839471  0.6661819  0.9361204  1.353639  1.353639  1.353639  1.353639  1.353639  1.353639  1.487974  1.526517  1.575102  1.629541  1.556514 
0.7293054  0.6739413  0.6573205  0.9096336  1.353639  1.353639  1.353639  1.353639  1.353639  1.353639  1.443192  1.483514  1.53609  1.597451  1.515738 
0.7184086  0.6637997  0.6481002  0.8839968  1.353639  1.353639  1.353639  1.353639  1.353639  1.353639  1.390223  1.430961  1.486335  1.554418  1.464588 
0.7106773  0.6561034  0.6409366  0.8653042  1.353639  1.353639  1.353639  1.353639  1.353639  1.353639  1.343678  1.383198  1.438994  1.511106  1.416787 
0.912222  0.7630082  0.7253129  0.9471234  1.539953  1.521035  1.487974  1.443192  1.390223  1.343678  1.84169  1.84169  1.84169  1.84169  1.84169 
0.9151919  0.7677789  0.7293316  0.9410701  1.57487  1.557461  1.526517  1.483514  1.430961  1.383198  1.84169  1.84169  1.84169  1.84169  1.84169 
0.9184182  0.7732841  0.7340692  0.9343321  1.61725  1.602277  1.575102  1.53609  1.486335  1.438994  1.84169  1.84169  1.84169  1.84169  1.84169 
0.9214893  0.7788668  0.7389868  0.9277555  1.662695  1.651091  1.629541  1.597451  1.554418  1.511106  1.84169  1.84169  1.84169  1.84169  1.84169 
0.9172443  0.7712403  0.7322976  0.9368035  1.601245  1.585273  1.556514  1.515738  1.464588  1.416787  1.84169  1.84169  1.84169  1.84169  1.84169 
